0.26384938577974554
0.24937428223752572
0.24478914873415253
0.24701623544116333
0.25069180403931884
0.2544478857757983
0.25959952579359147
0.26635552181747346
0.2828730586652858
0.29996157337177537
0.315052695025858
0.32849313992926377
0.3448746410748479
0.36182865960651855
0.3811162832668532
0.4047253617919939
0.4158722889140696
0.42323407446611067
0.43054553667097945
0.43843692402812917
0.4466398490796549
0.4553011930419926
0.4639612619975959
0.4726206993159562
0.4812801366343146
0.48993957395267396
0.49859901127103357
0.507171092410685
0.5157109118159287
0.5242507312211722
0.5327905506264159
0.5414392440012485
0.5505290710994722
0.5596188981976962
0.5686258359467218
0.5776068431799766
0.5865878504132328
0.5955778766397344
0.6042067492880105
0.6132235775533672
0.6222453973631403
0.6312452612458561
0.6402450341067032
0.6492395131398623
0.6582332655152681
0.6672270178906738
0.6762207702660794
0.6852145226414854
0.6940697141442853
0.7027735761699532
0.7109486349922423
0.7189043784844453
0.7268601219766477
0.7348158654688506
0.7427716089610532
0.7507273524532561
0.7586830959454589
0.7666388394376613
0.7745945829298642
0.7825503264220668
0.7902182589093911
0.7976872385148537
0.8033499885914523
0.8085203209128649
0.8136906532342776
0.8188697517428047
0.8240769521384017
0.8292841525339993
0.834491352929597
0.8396985533251946
0.8449057537207911
0.8501129541163885
0.8553201545119855
0.8605273549075827
0.8657345553031801
0.8709417556987769
0.8761489560943749
0.8813561564899717
0.8865633568855693
0.8917705572811672
0.896977757676765
0.9021849580723615
0.907392158467959
0.9125993588635561
0.9178065592591531
0.9230137596547507
0.9280437349776762
0.9329280131755002
0.9378122913733256
0.9426965695711489
0.9475808477689738
0.9524651259667984
0.957349404164622
0.9622336823624478
0.9671179605602724
0.9720022387580964
0.9768865169559202
0.9817707951537462
0.9866550733515702
0.9915393515493951
0.9964236297472187
1.0013079079450438
1.0061921861428686
1.0110764643406924
1.0159607425385166
1.020845020736341
1.0257292989341662
1.0306135771319906
1.0354978553298149
1.0403821335276386
1.0452660096028914
1.0501495239788938
1.055033038354896
1.059916552730899
1.0648000671069022
1.069683581482904
1.0745670958589062
1.0794506102349086
1.0843341246109108
1.089217638986915
1.0941011533629168
1.0989793483870174
1.103747050002386
1.1085147516177545
1.1132824532331225
1.1180501548484918
1.1228178564638602
1.1275855580792291
1.1323532596945982
1.137120961309966
1.1418886629253349
1.1462045320363305
1.1502569706790349
1.154309409321737
1.1583618479644415
1.1624142866071467
1.1664667252498484
1.1705188595496496
1.1745696844397813
1.1786205093299122
1.182671334220045
1.1867221591101749
1.190772984000307
1.194823808890439
1.1988746337805711
1.2029254586707028
1.2069762835608329
1.2110271084509656
1.2150779333410977
1.2191287582312282
1.223179583121359
1.227230408011492
1.2312812329016227
1.2353320577917541
1.239333666164586
1.2433120998593146
1.247290533554042
1.251268967248772
1.2552474009434988
1.2592258346382261
1.2632042683329552
1.267182702027684
1.2711611357224124
1.2751395694171395
1.2791180031118685
1.2830964368065958
1.2870748705013242
1.2910533041960535
1.295031737890781
1.2990101715855096
1.3029886052802369
1.306967038974966
1.3109454726696939
1.3149239063644225
1.3189023400591504
1.3228807737538775
1.3268592074486079
1.3308376411433354
1.3348160748380622
1.3383660610041361
1.3418490844197979
1.345332107835459
1.3488151312511194
1.352298154666782
1.3557811780824418
1.3592642014981045
1.3627472249137673
1.3662302483294275
1.3697132717450895
1.3731962951607508
1.376679318576412
1.3801623419920745
1.383645365407735
1.3871283888233963
1.3906114122390558
1.3940944356547196
1.3975774590703811
1.401060482486044
1.4045435059017035
1.408026529317365
1.4115095527330261
1.4149925761486895
1.4184755995643499
1.4219586229800123
1.425441646395675
1.4289246698113358
1.4324076932269973
1.4358889705962712
1.4393528379387612
1.442816705281252
1.4462805726237413
1.4497444399662316
1.4532083073087203
1.4566721746512121
1.4601360419937026
1.4635999093361909
1.4670637766786814
1.4705276440211723
1.473991511363662
1.4774553787061528
1.4809192460486444
1.4843831133911318
1.487846980733621
1.4913108480761146
1.4947747154186026
1.4982385827610951
1.501702450103585
1.5051663174460737
1.5086301847885644
1.5120940521310553
1.5155579194735453
1.5190217868160347
1.5224856541585268
1.525949521501015
1.5294133888435069
1.5328772561859965
1.5363411235284858
1.5398049908709763
1.5432688582134655
1.5467327255559578
1.5501965928984458
1.5536604602409363
1.5571243275834286
1.5605881949259166
1.5640520622684086
1.5675159296108983
1.570979796953388
1.5744436642958786
1.577907531638367
1.5813713989808578
1.584835266323348
1.5882991336658367
1.5917630010083272
1.595226868350819
1.5986907356933084
1.6021546030357992
1.6056184703782894
1.6090823377207806
1.6125462050632715
1.6160100724057604
1.6194739397482503
1.6229378070907419
1.6260938933568778
1.6288278421112536
1.6315617908656277
1.634295739620001
1.6370296883743762
1.6397636371287487
1.6424975858831243
1.645231534637498
1.647965483391873
1.6506994321462451
1.6534333809006199
1.6561673296549955
1.6589012784093684
1.6616352271637413
1.664369175918115
1.6671031246724886
1.669837073426863
1.6725710221812375
1.6753049709356118
1.6780389196899883
1.6807728684443581
1.683506817198734
1.686240765953109
1.6889747147074814
1.6917383428617994
1.694515142772413
1.697291942683023
1.7000687425936336
1.7028455425042441
1.7056223424148549
1.7083991423254663
1.7111759422360746
1.7139527421466858
1.7167295420572988
1.7195063419679097
1.722283141878519
1.725059941789124
1.7278367416997378
1.7306135416103468
1.73339034152096
1.7361671414315711
1.738943941342178
1.7417207412527909
1.7444975411634027
1.74727434107401
1.7500511409846213
1.7528279408952296
1.7556047408058413
1.7583815407164507
1.7611583406270592
1.7639351405376724
1.7667119404482836
1.7694887403588957
1.7722655402695044
1.7750448550678448
1.7778313949957223
1.7806179349235964
1.7834044748514732
1.786191014779346
1.7889775547072277
1.7917640946351037
1.7945506345629763
1.797337174490851
1.8001237144187316
1.8029102543466065
1.8056967942744857
1.8084833342023603
1.8112698741302373
1.8140564140581088
1.8168429539859896
1.8196294939138642
1.822416033841739
1.8252025737696178
1.8279891136974902
1.8307756536253696
1.8335621935532458
1.8363487334811184
1.839135273408997
1.8419218133368778
1.8447083532647524
1.8474948931926234
1.850281433120499
1.8530679730483781
1.8558545129762567
1.85864105290413
1.8614275928320072
1.8642141327598836
1.8670006726877564
1.869787212615635
1.8725737525435135
1.8753602924713868
1.8781468323992623
1.8809333723271424
1.8837199122550146
1.8865064521828905
1.889292992110769
1.8920795320386474
1.8948660719665205
1.897652611894399
1.9004391518222723
1.9032256917501493
1.9060122316780268
1.908798771605902
1.9115853115337809
1.9143718514616568
1.91715839138953
1.919944931317406
1.9227314712452894
1.925518011173159
1.9283045511010375
1.9310910910289107
1.9338776309567882
1.936664170884666
1.9394507108125403
1.9422372507404178
1.945023790668294
1.9478103305961698
1.9505968705240486
1.9533834104519217
1.9561699503797956
1.9589564903076762
1.9617430302355534
1.9645295701634296
1.9673161100913052
1.9701026500191796
1.9728891899470522
1.9756757298749328
1.978462269802811
1.9812488097306884
1.9840353496585617
1.986499829361715
1.9887881010313262
1.991064978187812
1.9933418553442959
1.9956187325007804
1.997895609657262
2.000172486813744
2.0024493639702308
2.004726241126713
2.0070031182832007
2.009279995439679
2.011556872596163
2.0138337497526506
2.016110626909138
2.0183875040656183
2.020664381222106
2.0229412583785833
2.0252181355350665
2.0274950126915487
2.029771889848039
2.0320487670045178
2.0343256441610067
2.036602521317489
2.038879398473978
2.0411562756304575
2.043433152786942
2.0457100299434217
2.047986907099907
2.0502637842563916
2.052540661412875
2.0548175385693592
2.057094415725844
2.0593712928823287
2.061648170038812
2.0639250471952986
2.0662019243517844
2.068478801508267
2.0707556786647494
2.073032555821235
2.0753094329777175
2.0775863101342025
2.079863187290683
2.082140064447169
2.084416941603652
2.0866938187601325
2.088970695916621
2.0912475730731086
2.093524450229587
2.0958013273860714
2.0980782045425537
2.100355081699036
2.102631958855526
2.104908836012006
2.1071857131684917
2.109462590324977
2.1117394674814616
2.1140163446379447
2.116293221794427
2.1185700989509115
2.1208469761073956
2.1231238532638788
2.125400730420367
2.1276776075768487
2.1299544847333256
2.132231361889815
2.1345082390462906
2.136785116202782
2.139061993359272
2.1413388705157503
2.1436157476722353
2.1458926248287145
2.1481695019852007
2.150446379141683
2.1527232562981697
2.155000133454656
2.1572770106111387
2.1595538877676237
2.161830764924104
2.16410764208059
2.1663845192370736
2.1686613963935595
2.17093827355004
2.1732151507065245
2.175492027863008
2.1777689050194957
2.1800457821759767
2.1823226593324607
2.184599536488943
2.1868764136454253
2.1891532908019107
2.1914301679584036
2.1937070451148823
2.195983922271365
2.1982607994278465
2.200537676584335
2.2028145537408177
2.2050914308972995
2.2073683080537823
2.209645185210272
2.211922062366757
2.2141989395232335
2.216475816679721
2.2187526938362074
2.22102957099269
2.2233064481491702
2.225583325305659
2.227860202462141
2.230137079618619
2.232413956775108
2.2346908339315923
2.2369677110880772
2.2392445882445613
2.2415214654010445
2.243798342557532
2.246075219714008
2.248352096870501
2.2506289740269767
2.2529058511834594
2.2551827283399475
2.2574596054964333
2.259736482652921
2.262013359809398
2.264290236965884
2.2665671141223633
2.268843991278853
2.2711208684353372
2.273397745591822
2.275674622748303
2.2779514999047867
2.2802283770612717
2.282505254217756
2.284782131374236
2.287059008530721
2.2893358856872044
2.2916127628436955
2.2938896400001716
2.2961665171566596
2.2984433943131397
2.3007202714696264
2.3029971486261056
2.305274025782592
2.3075509029390777
2.309827780095562
2.3121046572520427
2.3143815344085286
2.316658411565012
2.318935288721499
2.3212121658779816
2.323489043034468
2.325765920190952
2.3280427973474325
2.330319674503917
2.3325965516603993
2.3348734288168878
2.3371503059733634
2.3394271831298568
2.3417040602863386
2.3439809374428187
2.3462578145993103
2.348534691755784
2.3508115689122695
2.3530884460687513
2.3553653232252394
2.3576422003817186
2.3599190775382097
2.362195954694699
2.364472831851174
2.366749709007657
2.36902658616414
2.3713034633206282
2.37358034047711
2.375857217633598
2.378134094790086
2.3804109719465605
2.3826878491030463
2.3849647262595304
2.387241603416014
2.389518480572497
2.391795357728985
2.3940722348854653
2.3963491120419507
2.398625989198432
2.4009028663549214
2.403179743511402
2.4054566206678887
2.4077334978243696
2.4100103749808564
2.4122872521373377
2.414564129293827
2.4168410064503054
2.419117883606789
2.421394760763279
2.423671637919758
2.4259485150762434
2.4282253922327213
2.430502269389217
2.432779146545693
2.4350560237021783
2.4373329008586633
2.439609778015149
2.441886655171634
2.444163532328114
2.4464404094845973
2.448717286641084
2.450760169550734
2.4525182149112816
2.454276260271827
2.4560343056323695
2.457809571127297
2.4596625452195098
2.4615201497148425
2.4633777542101782
2.4652353587055167
2.4670929632008507
2.4689505676961847
2.470808172191523
2.472665776686863
2.4745233811821916
2.4763809856775287
2.478238590172864
2.480096194668203
2.4819537991635436
2.4838114036588754
2.485669008154213
2.487526612649551
2.4893842171448872
2.491241821640224
2.4930994261355535
2.4949570306308995
2.496814635126226
2.498672239621564
2.500529844116905
2.5023874486122386
2.5042450531075784
2.5061026576029035
2.507960262098242
2.50981786659358
2.5116754710889158
2.5135330755842533
2.51539068007959
2.517248284574929
2.519105889070261
2.520963493565601
2.5228210980609362
2.524678702556267
2.5265363070516056
2.52839391154694
2.5302515160422763
2.532109120537616
2.5339667250329465
2.535824329528294
2.537681934023622
2.5395395385189596
2.5413971430142945
2.5432547475096303
2.545112352004964
2.546969956500297
2.5488275609956363
2.5506851654909704
2.552542769986306
2.5544003744816512
2.556257978976982
2.558115583472323
2.5599731879676493
2.561830792462989
2.5636883969583297
2.565546001453668
2.567403605948996
2.569261210444333
2.571118814939672
2.572976419435016
2.574834023930343
2.5766916284256762
2.578549232921015
2.580406837416355
2.582264441911691
2.5841220464070243
2.58597965090236
2.5878372553977025
2.589694859893029
2.5915524643883745
2.5934100688837116
2.595267673379046
2.5971252778743685
2.5989828823697114
2.600840486865053
2.6026980913603865
2.6045556958557188
2.6064133003510586
2.608270904846399
2.6101285093417332
2.6119861138370792
2.6138437183324057
2.6157013228277313
2.6175589273230795
2.619416531818412
2.6212741363137426
2.623131740809085
2.624989345304425
2.626846949799749
2.628704554295098
2.6305621587904287
2.6324197632857604
2.634277367781101
2.6361349722764356
2.637992576771775
2.639850181267112
2.6417077857624487
2.6435653902577796
2.6454229947531194
2.6472805992484516
2.6491382037437923
2.6509958082391223
2.6528534127344576
2.654711017229792
2.6565686217251345
2.658426226220473
2.6602838307158008
2.6621414352111397
2.6639990397064857
2.665856644201806
2.66771424869715
2.669571853192485
2.6714294576878204
2.673287062183157
2.67514466667849
2.677002271173832
2.67885987566917
2.6807174801645077
2.6825750846598386
2.6844326891551744
2.6862902936504995
2.688147898145846
2.690005502641177
2.691863107136516
2.693720711631857
2.695578316127189
2.697435920622526
2.699293525117855
2.7011511296131947
2.703008734108532
2.7048663386038734
2.7067239430992083
2.7085815475945405
2.7104391520898776
2.712296756585216
2.714154361080561
2.716011965575889
2.717869570071227
2.7197271745665543
2.7215847790619017
2.723442383557233
2.7252999880525723
2.7271575925479072
2.72901519704324
2.7308728015385713
2.7327304060339133
2.7345880105292424
2.7364456150245804
2.7383032195199197
2.7401608240152506
2.742018428510589
2.743876033005926
2.7457336375012686
2.747591241996597
2.749448846491932
2.7513064509872796
2.753164055482612
2.755021659977946
2.7568792644732802
2.7587368689686134
2.76059447346395
2.7624520779592765
2.764309682454623
2.766167286949962
2.7680248914453056
2.7698824959406316
2.7717401004359576
2.7735977049313045
2.7754553094266408
2.777312913921971
2.7791705184173154
2.7810281229126534
2.7828857274079852
2.784743331903317
2.786600936398661
2.7884585408940006
2.7903161453893355
2.7921737498846695
2.794031354379995
2.7958889588753393
2.79774656337067
2.799604167866
2.801461772361342
2.803319376856681
2.805176981352021
2.807034585847355
2.808807186431556
2.8105690462282515
2.812330906024967
2.8140927658216692
2.8158546256183836
2.817616485415088
2.8193783452117898
2.8211402050085086
2.822902064805213
2.8246639246019254
2.8264257843986402
2.8281876441953444
2.8299495039920557
2.831711363788766
2.833473223585473
2.8352350833821838
2.8369969431788893
2.838758802975598
2.840520662772316
2.84228252256902
2.8440443823657215
2.845806242162444
2.847568101959156
2.8493299617558465
2.8510918215525654
2.852853681349279
2.85461554114599
2.8563774009427005
2.8581392607394003
2.8599011205361173
2.861662980332819
2.8634248401295173
2.865186699926233
2.866948559722954
2.8687104195196587
2.8704722793163704
2.872234139113081
2.8739959989097876
2.8757578587064874
2.8775197185031947
2.8792423562146
2.880928904196916
2.8826154521792344
2.8843020001615485
2.88598854814387
2.8876750961261837
2.889361644108498
2.8910481920908055
2.892734740073129
2.8944212880554447
2.896107836037761
2.8977943840200675
2.899480932002392
2.901167479984713
2.902854027967017
2.904540575949345
2.90622712393166
2.9079136719139704
2.909600219896285
2.911286767878597
2.9129733158609197
2.914659863843232
2.9163464118255455
2.9180329598078605
2.9197195077901767
2.9214060557724975
2.923092603754821
2.9247791517371216
2.926465699719438
2.928152247701763
2.9298387956840655
2.9315253436663835
2.9332118916487087
2.934898439631019
2.9365849876133305
2.938271535595658
2.9399580835779653
2.941644631560291
2.943331179542592
2.9450177275249096
2.9467042755072326
2.9483908234895475
2.950077371471872
2.951763919454177
2.953450467436493
2.955137015418808
2.956823563401128
2.958510111383435
2.9601966593657574
2.9618832073480674
2.963569755330386
2.9652563033126986
2.96694285129502
2.968629399277334
2.970315947259646
2.9720024952419677
2.9736890432242755
2.975375591206591
2.977062139188914
2.978748687171217
2.9804352351535464
2.982121783135852
2.9838083311181713
2.985494879100486
2.987181427082807
2.988867975065122
2.9905545230474337
2.9922410710297522
2.993927619012076
2.9956141669943763
2.997300714976699
2.998987262959012
3.0006738109413313
3.0023603589236543
3.0040469069059603
3.005733454888279
3.007420002870598
3.0091065508529082
3.0107930988352316
3.0124796468175425
3.0141661947998575
3.015852742782168
3.0175392907644865
3.019225838746798
3.020912386729115
3.0225989347114477
3.0242854826937475
3.0259720306760634
3.0276585786583814
3.029345126640697
3.0310316746230135
3.0327182226053297
3.0344047705876416
3.0360913185699596
3.0377778665522785
3.0394644145345904
3.0411509625169195
3.0428375104992282
3.044524058481534
3.0462106064638483
3.047897154446169
3.049583702428487
3.0512702504108047
3.0529567983931205
3.0546433463754474
3.056329894357752
3.0580164423400666
3.0597029903223665
3.0613895383046943
3.0630760862870083
3.0647626342693215
3.06644918225164
3.068135730233952
3.069822278216274
3.071508826198587
3.073195374180905
3.0748819221632093
3.076568470145547
3.078255018127854
3.0799415661101794
3.081628114092489
3.0833146620748013
3.0850012100571216
3.0866877580394343
3.088374306021749
3.0900608540040606
3.0917474019863684
3.0934339499686927
3.095120497951015
3.096807045933324
3.0984935939156446
3.100180141897956
3.101866689880269
3.1035532378625845
3.105239785844902
3.1069263338272126
3.108612881809533
3.1102994297918483
3.111985977774159
3.11367252575649
3.1153590737387944
3.1170456217211315
3.1187321697034207
3.12041871768574
3.1221052656680497
3.1237918136503673
3.1254783616326867
3.1271649096150016
3.128851457597328
3.1305380055796337
3.1322245535619535
3.1339111015442778
3.135597649526591
3.1372841975088996
3.1389707454912203
3.140657293473529
3.1423438414558618
3.14403038943817
3.1457169374204796
3.147403485402794
3.1490900333851144
3.1507765813674324
3.1524631293497514
3.154149677332054
3.1558362253143666
3.1575227732966993
3.1592093212789973
3.160895869261328
3.162582417243634
3.164268965225959
3.1659555132082646
3.167642061190595
