99.26471319419495
99.08804677865068
98.91138036310612
98.73471394756163
98.55804753201774
98.38138111647368
98.20471470092913
98.0280482853848
97.85138186984037
97.67471545429626
97.49804903875201
97.3213826232077
97.14471620766312
96.96804979211868
96.79138337657454
96.6147169610302
96.43653934360383
96.25685670206308
96.07717406052241
95.8974914189812
95.71780877744064
95.5381261358998
95.3584434943589
95.17876085281779
94.99907821127671
94.8193955697361
94.63971292819504
94.46003028665459
94.28034764511357
94.10066500357269
93.92098236203171
93.74129972049116
93.56161707895014
93.38193443740907
93.20225179586811
93.02256915432774
92.84288651278652
92.66320387124541
92.48352122970473
92.30383858816373
92.124155946623
91.94447330508207
91.76479066354104
91.58510802200028
91.40542538045953
91.22574273891897
91.04606009737786
90.86637745583677
90.68669481429617
90.50701217275518
90.32732953121446
90.14764688967362
89.96796424813252
89.7882816065919
89.60859896505127
89.42891632351012
89.2492336819692
89.0695510404284
88.88986839888719
88.71018575734668
88.53050311580573
88.35082047426478
88.17113783272416
87.99145519118325
87.81177254964227
87.63208990810138
87.45240726656047
87.27272462501939
87.09304198347851
86.91335934193795
86.73367670039681
86.55399405885608
86.37431141731504
86.19462877577426
86.01494613423382
85.8352634926925
85.65558085115187
85.47589820961079
85.29621556807015
85.11653292652885
84.93685028498808
84.7571676434473
84.57748500190661
84.39780236036577
84.21811971882468
84.03843707728386
83.85875443574307
83.67907179420209
83.4993891526613
83.3197065111203
83.14002386957925
82.9603412280386
82.78065858649752
82.60097594495686
82.42129330341598
82.24161066187531
82.06192802033442
81.88224537879375
81.70256273725276
81.52288009571149
81.34319745417086
81.16351481263007
80.98383217108892
80.80414952954828
80.62446688800715
80.44478424646648
80.26510160492548
80.08541896338484
79.90573632184379
79.72605368030328
79.54637103876252
79.36668839722101
79.1870057556805
79.00732311413937
78.8276404725986
78.6479578310581
78.46827518951697
78.28859254797578
78.10890990643519
77.92922726489468
77.7495446233537
77.5698619818127
77.39017934027183
77.21049669873094
77.03081405718983
76.85113141564916
76.67144877410828
76.49176613256725
76.3120834910266
76.13240084948569
75.95271820794486
75.77303556640358
75.59335292486307
75.41367028332228
75.23398764178113
75.05430500024018
74.87462235869945
74.69493971715853
74.51525707561771
74.33557443407665
74.15589179253595
73.9762091509952
73.79652650945434
73.6217237124994
73.45463753465386
73.2875513568087
73.1204651789636
72.95337900111846
72.78629282327347
72.61920664542781
72.4521204675828
72.28503428973748
72.11794811189252
71.95124701961467
71.78485233366385
71.61845764771324
71.45206296176237
71.2856682758116
71.11927358986064
70.95287890391
70.78648421795882
70.62008953200792
70.45369484605719
70.28730016010648
70.12090547415565
69.95451078820439
69.78811610225377
69.62172141630275
69.45532673035217
69.28893204440138
69.1225373584507
68.95614267249981
68.78974798654865
68.62335330059791
68.45695861464718
68.29056392869597
68.12416924274531
67.9577745567946
67.79137987084353
67.6249851848931
67.45859049894203
67.29219581299112
67.12580112704036
66.95940644108956
66.79301175513874
66.6266170691878
66.46022238323675
66.2938276972861
66.1274330113354
65.96103832538448
65.79464363943354
65.62824895348248
65.46185426753175
65.29545958158084
65.12906489563017
64.96267020967922
64.79627552372824
64.62988083777736
64.46348615182694
64.29709146587582
64.13069677992482
63.96430209397404
63.79790740802342
63.631512722072685
63.4651180361217
63.298723350171045
63.13232866421988
62.965933978269085
62.799539292318165
62.63314460636734
62.466749920416476
62.30035523446579
62.13396054851475
61.96756586256393
61.80117117661318
61.63477649066233
61.46838180471134
61.30198711876067
61.13559243280942
60.969197746858825
60.80280306090791
60.636408374957085
60.470013689006414
60.30361900305535
60.13722431710435
59.970829631154075
59.80443494520289
59.6380402592519
59.47164557330118
59.30525088735041
59.138856201399435
58.97246151544856
58.806066829497794
58.639672143546875
58.47327745759614
58.3068827716452
58.140488085694365
57.97409339974352
57.807698713792604
57.64130402784208
57.4749093418909
57.30851465594007
57.14211996998933
56.975725284038596
56.80933059808765
56.642935912136714
56.47654122618595
56.31014654023506
56.14375185428439
55.97735716833346
55.81096248238245
55.644567796431765
55.47817311048101
55.311778424530125
55.14538373857913
54.97898905262814
54.81259436667748
54.64619968072675
54.47980499477572
54.31341030882492
54.173466682278935
54.04447240122211
53.91547812016539
53.78648383910888
53.657489558052276
53.528495276995706
53.39950099593905
53.27050671488222
53.14151243382556
53.01251815276874
52.88352387171241
52.75452959065564
52.625535309598625
52.4965410285424
52.36754674748559
52.23855246642909
52.10955818537232
51.98056390431565
51.85156962325895
51.722575342202404
51.59358106114558
51.464586780089085
51.3355924990327
51.20659821797573
51.077603936919196
50.94860965586237
50.81961537480565
50.690621093748994
50.561626812692644
50.43263253163581
50.303638250579176
50.17464396952246
50.045649688465865
49.91665540740916
49.787661126352475
49.65866684529597
49.52967256423923
49.40067828318233
49.271684002125824
49.14268972106912
49.013695440012405
48.88470115895607
48.755706877899215
48.62671259684281
48.4977183157857
48.368724034729105
48.239729753672684
48.11073547261595
47.98174119155948
47.85274691050251
47.723752629445904
47.594758348389306
47.46576406733271
47.33676978627609
47.207775505219345
47.07878122416259
46.94978694310581
46.820792662049215
46.691798380992516
46.562804099935995
46.43380981887916
46.30481553782275
46.175821256766035
46.0468269757093
45.91783269465273
45.78883841359609
45.65984413253952
45.53084985148277
45.40185557042608
45.272861289369445
45.14386700831266
45.014872727256154
44.885878446199364
44.756884165142765
44.6278898840861
44.49889560302969
44.36990132197285
44.240907040916106
44.11191275985948
43.98291847880276
43.855733481860035
43.73013356566403
43.60453364946796
43.478933733271646
43.35333381707584
43.227733900879656
43.102133984683604
42.976534068487574
42.850934152291494
42.72533423609541
42.599734319899405
42.474134403703246
42.348534487507166
42.22293457131113
42.097334655115056
41.97173473891909
41.846134822722966
41.720534906526765
41.59493499033083
41.46933507413479
41.34373515793866
41.2181352417427
41.0925353255465
40.966935409350334
40.84133549315436
40.71573557695827
40.59013566076209
40.46453574456614
40.338935828370076
40.21333591217394
40.08773599597799
39.96213607978196
39.83653616358563
39.710936247389704
39.58533633119379
39.45973641499748
39.33413649880152
39.20853658260538
39.0829366664094
38.95733675021326
38.83173683401726
38.706136917821254
38.58053700162505
38.454937085429044
38.329337169233085
38.20373725303677
38.07813733684086
37.95253742064469
37.82693750444885
37.70133758825259
37.57573767205656
37.450137755860354
37.32453783966438
37.19893792346821
37.0733380072723
36.94773809107612
36.82213817488019
36.69653825868394
36.57093834248811
36.4453384262919
36.31973851009576
36.19413859389969
36.06853867770359
35.94293876150771
35.81733884531168
35.691738929115495
35.56613901291927
35.440539096723214
35.31493918052738
35.189339264331274
35.06373934813512
34.938139431939
34.81253951574305
34.68693959954683
34.56133968335086
34.435739767154686
34.31013985095884
34.18453993476265
34.058940018566574
33.93334010237055
33.807740186174414
33.68214026997833
33.55654035378231
33.43094043758612
33.30534052139036
33.17974060519415
33.05414068899807
32.92854077280196
32.802940856605964
32.67734094040994
32.55174102421388
32.42614110801775
32.300541191821665
32.17494127562578
32.049341359429484
31.923741443233453
31.798141527037394
31.67254161084133
31.546941694645238
31.42134177844904
31.295741862253156
31.170141946057083
31.044542029860942
30.918942113664947
30.793342197468814
30.6677422812727
30.542142365076778
30.41654244888065
30.290942532684507
30.165342616488502
30.039742700292276
29.914142784096263
29.788542867900205
29.66294295170408
29.53734303550803
29.411743119312145
29.286143203115927
29.16054328691977
29.03245251458618
28.89862839038738
28.764804266188428
28.630980141989337
28.497156017790413
28.363331893591482
28.22950776939269
28.09568364519371
27.96185952099481
27.828035396796047
27.694211272596817
27.560387148398053
27.423225111318875
27.285340570153494
27.147456028988238
27.00957148782318
26.916128687816798
26.831720427167006
26.747312166517172
26.662903905867513
26.57849564521767
26.49408738456791
26.409679123918128
26.325270863268347
26.24086260261864
26.15645434196874
26.071632159375277
25.986258772307725
25.900885385240144
25.815511998172703
25.730138611105232
25.644765224037663
25.559391836970146
25.474018449902687
25.388645062835337
25.30327167576776
25.217898288700226
25.132524901632724
25.047151514565204
24.9617781274976
24.87640474043018
24.791031353362765
24.705657966295167
24.620284579227643
24.534911192160273
24.449537805092763
24.364164418025286
24.278791030957674
24.193417643890324
24.108044256822563
24.022670869755157
23.9372974826878
23.851924095620316
23.76655070855271
23.68117732148519
23.59580393441777
23.51043054735022
23.425057160282726
23.33968377321529
23.254310386147647
23.16893699908014
23.083563612012686
22.998190224945088
22.912816837877774
22.82744345081013
22.74207006374278
22.65669667667511
22.57132328960774
22.485949902540213
22.400576515472746
22.31520312840525
22.22982974133772
22.144456354270247
22.05908296720265
21.97370958013524
21.888336193067722
21.802962806000128
21.717589418932608
21.632216031865145
21.54684264479777
21.46146925773027
21.376095870662734
21.2907224835952
21.205349096527808
21.119975709460203
21.034602322392697
20.94922893532519
20.863855548257767
20.77848216119018
20.6931087741227
20.607735387055158
20.52236199998772
20.436988612920285
20.351615225852708
20.26624183878523
20.18086845171772
20.095495064650127
20.010121677582724
19.924748290515215
19.83937490344764
19.754001516380242
19.66862812931276
19.58325474224522
19.4978813551778
19.412507968110113
19.32713458104261
19.24176119397513
19.15638780690774
19.071014419840203
18.985641032772712
18.900267645705174
18.814894258637768
18.729520871570198
18.64414748450271
18.558774097435098
18.4734007103676
18.38802732330015
18.302653936232666
18.21728054916523
18.131907162097736
18.046533775030152
17.961160387962668
17.875787000895258
17.790413613827695
17.705040226760147
17.61966683969262
17.534293452625167
17.448920065557708
17.363546678490277
17.27817329142278
17.19279990435516
17.107426517287585
17.02205313022023
16.93667974315274
16.85130635608526
16.765932969017772
16.68055958195023
16.595186194882668
16.50981280781518
16.42443942074772
16.339066033680098
16.25369264661263
16.1683192595452
16.082945872477666
15.99757248541028
15.912199098342752
15.826825711275147
15.744420951201354
15.671422489074878
15.598424026948365
15.525425564821898
15.452427102695497
15.379428640569033
15.306430178442541
15.233431716316064
15.160433254189693
15.087434792063194
15.009997475013261
14.92789683849535
14.845796201977608
14.764972682154173
14.684611736651638
14.604250791149152
14.523889845646638
14.443528900144063
14.363167954641497
14.282807009139036
14.20344019992107
14.124397052418596
14.045353904916139
13.966310757413678
13.887267609911257
13.808224462408702
13.729181314906288
13.650138167403844
13.57109501990139
13.492051872398903
13.41300872489635
13.333965577393922
13.25492242989146
13.175879282389053
13.09683613488645
13.017792987384075
12.938749839881591
12.859706692379167
12.780663544876672
12.70162039737413
12.622577249871737
12.543534102369271
12.464490954866733
12.385447807364251
12.306404659861778
12.229413293881585
12.159576410032818
12.089739526183877
12.019902642335003
11.950065758486147
11.880228874637258
11.810391990788437
11.740555106939492
11.670718223090699
11.600881339241761
11.531044455392992
11.461207571544081
11.391370687695202
11.321533803846433
11.251696919997537
11.181860036148654
11.11202315229973
11.04218626845089
10.972349384602015
10.902512500753064
10.832675616904236
10.762838733055407
10.69300184920657
10.62316496535762
10.553328081508768
10.483491197659902
10.413654313811056
10.343817429962112
10.273980546113274
10.204639302454764
10.14013639451702
10.07563348657925
10.01113057864145
9.947720648993105
9.884546223750796
9.821371798508434
9.758197373266002
9.695022948023624
9.631848522781233
9.56867409753884
9.505499672296532
9.442325247054088
9.37915082181169
9.315976396569289
9.25280197132694
9.189627546084516
9.126453120842163
9.063278695599736
9.000104270357374
8.936929845114893
8.873755419872568
8.810580994630214
8.75243311879532
8.703565495038783
8.654697871282252
8.605830247525743
8.556962623769213
8.508095000012664
8.459227376256125
8.410359752499625
8.36149212874314
8.312624504986568
8.26375688123007
8.214889257473567
8.166021633717008
8.117154009960432
8.068286386203951
8.01941876244743
7.97055113869092
7.921683514934387
7.872815891177857
7.823948267421349
7.775080643664821
7.726213019908296
7.677345396151767
7.628515661301093
7.580040119484004
7.531564577666939
7.483089035849901
7.4346134940328765
7.3861157603944045
7.3373200427246665
7.288524325054854
7.239837550876757
7.192080418123876
7.144323285371018
7.096566152618137
7.048809019865234
7.0010518871122915
6.953294754359429
6.9055376216065305
6.857780488853602
6.810023356100764
6.762266223347848
6.7145090905949445
6.666751957842044
6.618994825089167
6.571237692336271
6.5234805595833825
6.475723426830459
6.427966294077606
6.380209161324706
6.332452028571818
6.284694895818917
6.236937763066001
6.189180630313135
6.141797040698586
6.094450379776604
6.047103718854569
5.999757057932562
5.952410397010539
5.905063736088564
5.85771707516654
5.810370414244559
5.763023753322513
5.7156770924005516
5.66833043147852
5.6209837705565056
5.57363710963452
5.526290448712544
5.478943787790476
5.431597126868504
5.384250465946531
5.336903805024507
5.289557144102495
5.242210483180513
5.194863822258491
5.147517161336485
5.100170500414475
5.05282383949247
5.005477178570478
4.958130517648457
4.9107838567264785
4.863437195804436
4.814726638041073
4.769063934667765
4.7234012312944325
4.677738527921108
4.6320758245478135
4.586413121174481
4.54075041780117
4.495087714427837
4.449425011054544
4.403762307681242
4.358099604307876
4.312436900934556
4.266774197561274
4.221111494187946
4.175448790814612
4.129786087441306
4.084123384067969
4.038460680694695
3.99327640060384
3.948731640376361
3.9041868801488464
3.859908819813544
3.8158868826736136
3.771864945533787
3.727843008393871
3.6838210712539476
3.641118767731669
3.599175077383502
3.557231387035383
3.5152876966872393
3.4733440063390697
3.4314003159909277
3.3894566256427674
3.3475129352946245
3.3055692449464886
3.263625554598319
3.2216818642501766
3.179738173902021
3.137794483553881
3.095850793205731
3.05390710285757
3.0119634125094543
2.9700197221613163
2.928076031813154
2.8861323414650037
2.8441886511168875
2.8022449607687028
2.7603012704205767
2.7183575800724213
2.676413889724244
2.633886811493681
2.586523722797483
2.539160634101309
2.4917975454051193
2.4444344567089606
2.3977901605471765
2.368760551065957
2.339730941584731
2.310701332103504
2.2816717226222814
2.2526421131410865
2.2236125036598478
2.1945828941786254
2.165553284697397
2.1365236752161882
2.1074940657349632
2.0784644562537573
2.0494348467725323
2.020405237291307
1.9953103032905575
1.9809095888144497
1.9665088743383632
1.9521081598622496
1.9377074453861507
1.9233067309100895
1.9089060164339875
1.8945053019578961
1.8801045874817848
1.8657038730057067
1.851205638242995
1.8246655745511267
1.7981255108592475
1.7715854471673913
1.7450453834755095
1.71850531978363
1.6935061652823542
1.6716772257049586
1.649848286127563
1.628019346550138
1.6061904069727482
1.5843614673953335
1.5625325278179232
1.5407035882405222
1.5188746486631222
1.4970457090857274
1.475216769508322
1.453387829930922
1.4315588903535004
1.409729950776105
1.3879010111987014
1.366072071621299
1.3442431320438937
1.3224141924664812
1.3005852528890842
1.2787563133116788
1.2569273737342614
1.2350984341568723
1.213269494579459
1.1914405550020648
1.1696116154246607
1.1477826758472527
1.1259537362698375
1.1041247966924452
1.0822958571150407
1.0604669175376213
1.0386379779602233
1.0168090383828292
0.9949800988054316
0.9731454166597283
0.951306986972811
0.9294685572858835
0.9108208065708523
0.8941289579593683
0.8774546437172279
0.8611781387509815
0.8449016337847592
0.8286251288184987
0.8123486238522549
0.7960721188859973
0.7797956139197479
0.7635191089535048
0.7471949404815306
0.7306953707041378
0.7141958009267318
0.697696231149341
0.6811966613719329
0.6646970915945367
0.6488844337009259
0.6362722546659976
0.6236600756310658
0.6110478965961365
0.5984357175612017
0.5858235385262641
0.5732113594913348
0.5605991804564038
0.547987001421465
0.5353748223865398
0.5227626433515964
0.5101504643166688
0.49745893328234797
0.47855335578449665
0.4596477782866483
0.44074220078880255
0.42183662329095994
0.4016889741837635
0.3799864625145278
0.3584700528708783
0.3401900375100835
0.3163977358582551
0.2915191496164982
0.26664056337475206
0.24176197713299385
0.21942811394700723
0.2022085997608586
0.19507524723345127
0.1879418947060506
0.18080854217863107
0.15164923216241655
0.1147697046937397
0.07789017722505331
0.05338337331167464
0.03376803629038172
0.021813118538354104
0.023062199373859005
0.024389814017491185
0.025717428661129804
0.026991997837567006
0.02684610079032601
0.028245115109789998
0.030715967080309547
0.033087580287786356
0.035113475505129
0.03713937072247042
0.0407770763035179
0.04497882510681872
0.04918057391011654
0.05338232271340981
0.05988006265797674
0.06853468264866269
0.07718930263934387
0.08584392263002949
0.09449854262070911
0.10415632237804484
0.11459907029681393
0.12652776819779477
0.1388987189706783
0.15197144291374354
0.1578608606850329
0.16084420971136815
0.16161793871688734
0.160728533210301
0.1598391277037171
0.15971003599647315
0.17714646141429014
0.21338600553934028
0.2466219706053553
0.2873163961574917
0.31614283469910964
0.306048240146416
0.2612428948386245
0.22123767061463828
0.209258217462711
0.2527688977726138
0.39799139911238324
0.4026867959044386
0.35340550712247965
0.3473761302147577
0.3600391324755554
0.37429765678486665
0.3902057565505911
0.37529707105110144
0.2736336721233835
0.169505876513264
0.16436646540600475
0.17577846972792466
0.18719047404984934
0.1986024783717648
0.20354951971738422
0.18915376756789615
0.16949968375765379
0.1520767662940835
0.11397576283059263
0.15631823806011602
0.19866071328963864
0.241935097496769
0.2848047782973395
0.3598512631416223
0.3639962308692413
0.35847131722162473
0.414877285728321
0.4121361854511588
0.40939508517399403
0.4066539848968333
0.3989972393954419
0.3908661826305838
0.3827351258657229
0.3746040691008648
0.37249955533022855
0.412679179796655
0.45127499551578487
0.4897653632598693
0.528255731003948
0.5679311369448921
0.5933144317270739
0.6066685165175274
0.6171905979929871
0.6181133734173961
0.6180679359078041
0.6180224983982106
0.6178582765065124
0.6174990970012081
0.6171399174958976
0.6167807379905914
0.6164215584852843
0.6160623789799804
0.6157031994746672
0.6153440199693639
0.6149848404640583
0.6142658004721905
0.6126820404048067
0.6110982803374247
0.6114801223038843
0.6138146992176944
0.6161492761314858
0.6184838530452772
0.6224183881861503
0.6270824882898722
0.6406981101692708
0.6565430213583846
0.6723879325475165
0.6882328437366247
0.7040777549257339
0.7199226661148586
0.7357675773039764
0.7516124884931035
0.7674573996822133
0.7833023108713519
0.799147222060477
0.8139500476716367
0.822603037770217
0.8312560278688005
0.8399090179673756
0.848562008065957
0.857214998164535
0.8658679882631204
0.8745209783617051
0.883173968460289
0.8918269585588648
0.8987966529723782
0.9048538670971495
0.9102161529766192
0.9155784388560773
0.9209407247355548
0.9263030106150089
0.9316652964944737
0.9370275823739178
0.9423898682533834
0.9477521541328423
0.9531144400123056
0.9584767258917712
0.9638390117712297
0.969201297650693
0.9745635835301483
0.9799258694096075
0.9852881552890711
0.9906504411685144
0.9960127270479933
1.0013750129274488
1.0067372988069054
1.0120995846863714
1.0174618705658212
1.0228241564452827
1.0281864423247584
1.0335487282042073
1.0389110140836766
1.0442732999631335
1.0496355858425868
1.0549978717220618
1.0603601576015178
1.0657224434809733
1.0710847293604475
1.0764470152398933
1.0818093011193535
1.087171586998837
1.0925338728782787
1.0978961587577438
1.1032584446372047
1.1086207305166615
1.1204423233300504
1.13550418371148
1.1505660440929109
1.1656279044743476
1.1806897648557828
1.195751625237212
1.210813485618655
1.2258753460000886
1.2408536593144546
1.2550740278455357
1.2692943963766137
1.3079678505405075
1.3586411234685922
1.4093143963966943
1.45998766932476
1.5106609422528443
1.5613342151809237
1.6120074881090296
1.6626807610371048
1.713354033965194
1.7640273068932681
1.815352929302052
1.8670283560072494
1.9187037827124684
1.946675770647889
1.9711849714339733
2.0126663546149675
2.0719142150086745
2.1311620754023957
2.1904099357961475
2.240167629339728
2.2816163303311834
2.3230650313226704
2.355003644512021
2.348724659845558
2.3432462407534027
2.350609410969212
2.3579725811850323
2.3653357514008317
2.3783225906713947
2.4042673549867906
2.43021211930218
2.4561568836175685
2.4821016479329514
2.5092795247896906
2.5404171065268164
2.571554688263944
2.602052004234146
2.6314331766309205
2.6805814704295816
2.7554706084838547
2.830010943337673
2.90455127819146
2.9836283409475675
3.076652663812272
3.2062459824359424
3.312383496878684
3.397886465444739
3.4833894340107787
3.5679559910391014
3.595050202169671
3.5450026524458855
3.541397857435267
3.5377930624246283
3.579514578261637
3.615953845811534
3.648915914050822
3.6719237176697277
3.694923123099947
3.7380708092014827
3.7850059087695436
3.8319410083376004
3.8775217532875916
3.918260759886803
3.958999766485995
3.999738773085201
4.040477779684383
4.051629997240919
4.06525289025431
4.090339051012395
4.115425211770494
4.1569495488324835
4.205804889223425
4.254660229614425
4.303377952272104
4.054145235971553
3.1116906148522774
2.5888684324358366
2.865837391064959
3.180065015518236
3.2635789982600665
3.409355391395482
3.6908124063920003
3.9659170391803755
4.281256350308589
4.156889881561618
4.0542745100347926
4.03940675984978
4.2016364871886305
4.428730594743872
4.6667400725893895
4.927890162572697
5.260248014360017
5.396989772085593
5.324943795153808
5.394845625600663
4.281757892816957
4.8225069540276255
5.879136905626994
6.453049906278289
6.629048035616455
7.128487283343327
6.992489678127845
7.105638758384291
7.121890291441936
7.083049281476274
7.0312886651112905
6.957210415787753
6.891146513097286
6.829755686187899
6.768364859278517
6.7071119309343326
6.648321969204173
6.589697464864125
6.553156314761449
6.539282553506034
6.525408792250621
6.471377766590307
6.360436365666298
6.248306463938539
6.196266561405657
6.144688928894437
6.0931112963832454
6.05564958841463
6.0250249829797085
6.064562744173058
5.881140230161257
5.61671291606889
5.778063423846702
5.9654301644710195
6.146799547587025
6.483935223229067
6.934313975091799
7.241955835578087
7.366712056931888
7.445810276090272
7.524908495248556
7.60400671440692
7.632571752384951
7.631405009886522
7.607805948824315
7.584003929988541
7.560201911152791
7.520738038803116
7.469654185459743
7.418570332116465
7.36748647877312
7.597246439729855
7.702559708626703
7.807872977523529
7.91318624642032
8.066858753662938
8.318103313135573
8.572648971283478
8.827194629431105
8.910062288211444
8.974448471265381
9.001780372518974
9.016109977735352
9.097535144142519
9.14051907656182
9.182987367992514
9.152025729461375
9.056988043643406
8.967131752356996
8.956647775578197
9.226052615780844
9.340349898758904
9.429424047283714
9.456738874248252
9.30524058582178
9.145369950333533
8.720561665813628
8.231642535896395
7.742723405979529
7.253804276062687
6.740938921499029
6.696444378668702
6.668012360818127
7.155455004509938
7.73725194584746
8.27951515735714
8.767981962300254
9.256448767242794
9.744915572185969
10.23338237712853
10.751293674796928
11.27073996505003
11.284161515544977
11.229298940701597
11.161081422467355
11.087981687407611
11.014700387404547
10.986954714143383
11.022764536463871
11.063055532546718
11.103346528629574
11.143637524712425
11.15390649893264
11.158236187314525
11.165515480611715
11.150846962422523
11.129606332082027
11.108365701741596
11.093625028802546
11.083585022482279
11.073545016162024
11.076155041612212
11.085820869299935
11.095486696987582
11.158699386231756
11.261954796721902
11.365210207211952
11.468465617702098
11.571721028192224
11.674976438682233
11.778717665618027
11.883665505564464
11.982075730727077
12.078772766787962
12.202633928999711
12.328716308029874
12.454003530369523
12.578627079612872
12.703250628856248
12.827874178099599
12.952497727342974
13.063566764733869
13.162873356679956
13.249377503284867
13.335881649889865
13.422385796494877
13.508889943099803
13.584967546309874
13.66011545388555
13.735263361461023
13.81041126903664
13.88555917661219
13.96070708418778
14.035854991763344
14.11100289933893
14.186150806914473
14.26129871449006
14.336446622065647
14.411594529641196
14.486742437216723
14.561890344792335
14.637038252367901
14.712186159943474
14.787334067519017
14.86248197509463
14.936909387147892
15.011053077485773
15.085196767823813
15.15934045816176
15.23348414849977
15.307627838837762
15.381771529175703
15.455915219513729
15.530058909851682
15.60420260018966
15.678339917331853
15.752420769090225
15.82650162084859
15.900582472606985
15.97466332436547
16.048744176123822
16.122825027882165
16.196905879640617
16.271300011527547
16.345782684703288
16.420265357879035
16.494748031054836
16.56923070423055
16.65058879018013
16.73529157027359
16.819994350367267
16.90469713046079
16.9893999105543
17.07410269064788
17.158805470741438
17.241918135254977
17.324975733511756
17.408033331768582
17.491090930025344
17.57414852828212
17.655739214980795
17.73783710697781
17.823614181547722
17.9093912561175
17.994714088208543
18.079708040682814
18.16470199315706
18.24969594563138
18.334689898105566
18.41968385057985
18.50467780305414
18.589671755528297
18.67466570800264
18.75965966047688
18.844653612951095
18.92964756542543
19.014641517899705
19.099635470373908
19.18462942284821
19.269623375322496
19.354617327796703
19.43961128027101
19.524605232745223
19.609599185219476
19.694593137693744
19.779587090168047
19.864581042642307
19.94957499511658
20.034568947590767
20.119562900065116
20.204556852539376
20.289550805013697
20.37454475748784
20.459538709962118
20.54453266243639
20.62952661491069
20.71452056738499
20.799514519859233
20.88450847233348
20.96950242480772
21.054496377281996
21.13949032975627
21.224484282230478
21.309478234704873
21.394472187179055
21.479466139653354
21.56446009212759
21.649454044601775
21.73444799707613
21.819441949550384
21.904435902024588
21.989429854498862
22.078938200383867
22.169408882314407
22.259879564244905
22.35585444235598
22.458191042999122
22.56052764364208
22.66286424428526
22.765200844928227
22.867537445571315
22.970694008524696
23.07515920865872
23.17962440879279
23.284089608926795
23.388554809060892
23.49302000919489
23.597485209328937
23.70195040946291
23.806415609596968
23.910880809730955
24.01534600986507
24.11981120999906
24.22427641013318
24.328741610267095
24.43320681040114
24.537672010535168
24.642137210669226
24.746602410803273
24.851067610937285
24.955532811071322
25.05999801120536
25.168142455205086
25.27723291718037
25.386323379155563
25.493425132167054
25.599703070970072
25.705981009773115
25.812258948576172
25.918536887379204
26.02481482618217
26.13109276498519
26.237370703788173
26.343648642591273
26.449926581394276
26.556204520197234
26.662482459000447
26.768760397803366
26.875038336606377
26.981316275409444
27.087594214212462
27.19387215301545
27.30015009181849
27.406428030621623
27.51270596942452
27.618983908227467
27.725261847030588
27.831539785833545
27.937817724636602
28.044095663439705
28.15037360224267
28.256651541045677
28.36292947984877
28.46920741865184
28.575485357454756
28.6817632962578
28.78804123506084
28.894319173863877
29.00059711266699
29.092543260680614
29.18049578322313
29.26844830576566
29.356400828308193
29.444353350850623
29.532305873393096
29.62025839593553
29.708210918477878
29.796163441020433
29.884115963562916
29.972068486105417
30.060021008647876
30.14797353119031
30.235926053732864
30.323878576275256
30.411831098817753
30.499783621360177
30.587736143902685
30.67568866644518
30.76364118898762
30.851593711530068
30.93954623407248
31.027498756615074
31.11545127915753
31.203403801699963
31.29135632424238
31.37930884678489
31.467261369327403
31.555213891869816
31.643166414412303
31.731118936954744
31.819071459497305
31.90702398203973
31.99497650458227
32.082929027124756
32.17088154966711
32.258834072209616
32.34678659475204
32.43473911729457
32.522691639836964
32.6106441623795
32.69859668492201
32.78654920746445
32.90739144518369
33.039235320311
33.17107919543823
33.30292307056548
33.43476694569274
33.566610820820074
33.69845469594722
33.8302985710745
33.96214244620184
34.09612878399585
34.23154980912633
34.3669708342568
34.502391859387224
34.637812884517594
34.77323390964797
34.90865493477844
35.04407595990883
35.17949698503921
35.31491801016972
35.45033903530017
35.585760060430516
35.72118108556096
35.85660211069139
35.99202313582182
36.12744416095221
36.2628651860827
36.398286211213076
36.53370723634353
36.66912826147387
36.804549286604384
36.939970311734776
37.07539133686517
37.21081236199559
37.34623338712602
37.481654412256525
37.617075437386845
37.75249646251739
37.887917487647755
38.023338512778224
38.15875953790864
38.29418056303908
38.42960158816948
38.56502261329988
38.7004436384303
38.83586466356064
38.97128568869105
39.10670671382164
39.24212773895197
39.377548764082455
39.51296978921274
39.64839081434339
39.78381183947357
39.91923286460406
40.05465388973438
40.19007491486499
40.32549593999534
40.46091696512583
40.59633799025611
40.73175901538653
40.867180040517006
41.00260106564737
41.138022090777916
41.27344311590836
41.40886414103877
41.54428516616903
41.679706191299594
41.815127216429985
41.95054824156041
42.08596926669089
42.22139029182123
42.35681131695177
42.49223234208224
42.62765336721265
42.76307439234301
42.89849541747332
43.03391644260368
43.16933746773417
43.304758492864636
43.440179517994984
43.57560054312563
43.71102156825596
43.846442593386385
43.98186361851689
44.11728464364719
44.25270566877762
44.388126693908134
44.52354771903849
44.658968744168774
44.79438976929928
44.92981079442977
45.06523181956012
45.2006528446906
45.33607386982106
45.47149489495145
45.606915920081896
45.74233694521232
45.87775797034269
46.01317899547309
46.148600020603595
46.28402104573404
46.41944207086447
46.55486309599479
46.69028412112521
46.82570514625561
46.96112617138605
47.09654719651651
47.231968221646895
47.36738924677739
47.50281027190777
47.638231297038246
47.773652322168694
47.909073347299035
48.047013910496254
48.185614241162654
48.32421457182918
48.46281490249539
48.601415233161866
48.74001556382841
48.878615894494935
49.01721622516115
49.15581655582767
49.29441688649404
49.433017217160454
49.5716175478269
49.709900134221655
49.84738255025546
49.98486496628956
50.12234738232362
50.26046761672453
50.39887313273496
50.537278648745314
50.67568416475585
50.81408968076634
50.952495196776795
51.090900712787224
51.22930622879777
51.36771174480816
51.50611726081865
51.64452277682902
51.78292829283947
51.919700364973025
52.055336019546374
52.190971674119616
52.32660732869322
52.46224298326651
52.59787863783984
52.733514292413325
52.86914994698655
53.00478560155977
53.14042125613315
53.27605691070667
53.41169256527994
53.54732821985334
53.68296387442666
53.81859952900007
53.954235183573445
54.08987083814672
54.225506492720164
54.36114214729349
54.496777801866834
54.63241345644016
54.768049111013504
54.90368476558705
55.03932042016034
55.17495607473368
55.310591729307056
55.44622738388036
55.581863038453704
55.71749869302712
55.85313434760046
55.98877000217375
56.12440565674698
56.26004131132056
56.395676965893955
56.5313126204672
56.66694827504067
56.802583929613974
56.93821958418736
57.07385523876066
57.20949089333394
57.345126547907185
57.48076220248068
57.61639785705418
57.752033511627495
57.88766916620076
58.02330482077417
58.15894047534742
58.29457612992098
58.43021178449423
58.57167138244151
58.738668366146754
58.90566534985206
59.07266233355736
59.23965931726243
59.406656300967754
59.573653284673036
59.7406502683786
59.90764725208361
60.07464423578909
60.24164121949424
60.408638203199196
60.57563518690471
60.74263217061005
60.909629154315176
61.07662613802029
61.24362312172577
61.41062010543085
61.57761708913622
61.74461407284148
61.911611056546704
62.07860804025206
62.24560502395719
62.41260200766257
62.57959899136777
62.746595975073106
62.91359295877819
63.08058994248354
63.24758692618892
63.41458390989411
63.581580893599195
63.74857787730462
63.91557486100997
64.08257184471505
64.24956882842041
64.41656581212551
64.58356279583083
64.75055977953612
64.91755676324141
65.08455374694665
65.25155073065199
65.41854771435722
65.58554469806244
65.75254168176778
65.91953866547298
66.08653564917839
66.25353263288339
66.4205296165888
66.58752660029418
66.7545235839994
66.92152056770487
67.08851755140974
67.25551453511501
67.42251151882023
67.58950850252566
67.75650548623095
67.92461137956089
68.09277469360593
68.26093800765109
68.42910132169601
68.597264635741
68.76542794978594
68.93359126383092
69.10175457787594
69.26991789192104
69.43808120596582
69.6062445200111
69.77440783405586
69.942571148101
70.11073446214587
70.27889777619087
70.44706109023592
70.61522440428114
70.78338771832591
70.95155103237101
71.11971434641617
71.287877660461
71.4639424830226
71.6417892914956
71.81582236756321
71.98598231296647
72.15614225836957
72.32630220377291
72.49646214917637
72.66662209457948
72.83678203998257
73.00694198538575
73.17710193078905
73.34726187619229
73.51742182159572
73.68758176699889
73.857741712402
74.0279016578055
74.19806160320861
74.36822154861171
74.53838149401503
74.70854143941798
74.87870138482138
75.04886133022457
75.21902127562792
75.38918122103128
75.55934116643442
75.72950111183756
75.89966105724073
76.06982100264418
76.23998094804728
76.41014089345049
76.58030083885389
76.75046078425709
76.92062072966036
77.09078067506336
77.26094062046687
77.43110056586995
77.60126051127318
77.77142045667675
77.94158040207988
78.111740347483
78.2819002928863
78.45206023828943
78.62222018369268
78.79238012909589
78.96254007449919
79.13270001990239
79.30285996530567
79.47301991070874
79.64317985611217
79.81333980151565
79.98349974691858
80.15365969232185
80.32381963772504
80.49397958312834
80.66413952853154
80.83429947393473
81.00445941933778
81.1746193647413
81.34477931014455
81.51493925554779
81.68509920095107
81.85525914635416
82.02541909175737
82.19557903716068
82.36573898256383
82.53589892796701
82.70605887337022
82.87621881877361
83.04637876417682
83.21653870958026
83.38669865498333
83.5568586003865
83.72701854578949
83.89717849119296
84.06733843659619
84.23749838199939
84.4076583274026
84.57781827280581
84.7479782182094
84.91813816361241
85.08829810901547
85.25845805441904
85.42861799982205
85.59877794522527
85.76893789062859
85.9390978360317
86.10925778143515
86.27941772683822
86.44957767224159
86.6426328782581
86.84684058142076
87.05898265132183
87.27112472122329
87.48326679112415
87.69540886102548
87.90755093092628
88.11969300082814
88.33183507072899
88.54397714063005
88.75611921053121
88.96826128043217
89.18040335033359
89.3925454202344
89.60468749013549
89.81682956003685
90.02897162993828
90.24111369983953
90.45325576974078
90.66539783964149
90.87753990954295
91.08968197944361
91.30182404934492
91.51396611924574
91.72610818914728
91.93825025904849
92.1503923289498
92.36253439885087
92.57467646875176
92.78681853865329
92.99896060855393
93.2111026784556
93.42324474835651
93.63538681825779
93.8475288881588
94.05967095806005
94.27181302796095
94.48395509786239
94.69609716776375
94.90823923766432
95.12038130756571
95.33252337746704
95.51652838949661
95.68382096612679
95.85111354275683
96.01840611938734
96.1856986960173
96.3529912726474
96.5202838492776
96.68757642590785
96.85486900253805
97.0221615791683
97.1894541557981
97.35674673242839
97.52403930905842
97.69133188568884
97.85862446231893
98.02591703894946
98.19320961557919
98.36050219220934
98.5277947688396
98.69508734546959
98.86237992209989
99.02967249873011
99.19696507536044
99.36425765199043
